1224
1223
47
1229
1228
372
1181
1180
46
410
1310
1309
1186
1185
371
1227
1226
512
388
61
49
1222
1221
425
411
426
427
359
369
370
1184
1183
513
42
513
1183
1180
1314
1313
379
515
514
1179
1178
424
399
63
534
68
422
423
404
403
368
402
517
516
60
516
517
386
76
66
399
1318
1317
356
366
367
421
67
398
73
303
302
376
519
518
62
518
519
385
81
76
66
76
1320
351
301
300
355
365
366
313
89
81
71
82
432
84
307
301
73
96
304
458
414
415
225
190
365
375
520
519
70
519
520
81
1321
1320
95
110
109
96
112
305
305
466
465
88
415
100
272
521
520
75
520
521
89
1322
1321
82
90
433
259
111
482
90
97
434
259
186
136
114
291
437
115
437
278
124
463
553
1323
1123
1122
116
312
311
93
132
118
468
159
147
438
278
436
139
140
542
1123
1125
1124
263
264
485
132
93
296
148
292
293
152
161
184
541
540
175
139
164
163
156
262
320
293
292
169
152
257
162
175
334
164
166
395
394
169
172
171
149
293
294
162
1080
1079
199
334
175
164
334
189
173
294
26
166
15
32
165
270
271
144
155
191
294
293
170
162
257
258
161
1079
1078
334
199
212
183
258
24
26
294
192
166
191
19
1126
1129
1128
171
193
192
183
1081
1080
346
195
194
194
209
348
164
340
339
1082
1081
183
192
193
17
165
202
191
204
182
317
322
321
206
208
195
346
217
219
194
209
229
349
201
223
222
206
321
31
23
216
167
191
202
22
179
215
202
318
167
216
203
318
204
216
207
182
217
195
208
219
228
209
298
1077
1076
189
212
234
20
207
216
202
215
1072
1127
1131
1130
227
226
219
219
226
233
228
236
229
234
243
235
201
221
235
223
226
227
1130
1131
1133
233
240
236
223
235
233
235
243
240
232
231
239
239
281
246
248
250
247
282
295
445
251
252
499
252
253
500
254
501
500
254
255
502
255
256
503
337
178
505
368
369
359
516
515
379
58
515
516
63
61
388
1317
1316
61
193
206
21
181
206
193
180
181
171
146
158
168
486
157
158
145
296
262
151
109
110
492
134
147
147
159
494
494
159
160
160
168
319
303
464
269
100
267
266
47
410
409
303
304
465
1223
1312
1311
47
1311
1310
514
515
58
256
255
239
239
255
254
281
254
253
249
253
252
248
252
251
249
247
246
86
1172
1171
108
261
1171
150
107
1168
100
122
288
288
279
289
88
101
289
49
61
1316
258
120
11
119
120
258
140
125
543
140
163
176
163
339
338
200
222
213
222
227
224
218
224
227
443
497
496
282
30
29
92
308
307
92
105
309
283
134
492
285
284
148
149
173
286
25
286
173
130
523
264
143
522
523
1134
1137
1136
151
184
298
201
340
189
151
135
314
135
196
315
152
151
260
96
111
136
73
482
111
74
481
482
196
135
298
1172
86
479
309
117
264
522
271
270
1137
1128
1129
1173
479
299
300
301
296
262
296
301
105
310
117
117
310
311
130
311
312
1135
1124
1125
314
315
186
318
203
306
180
323
322
321
207
20
182
207
321
323
317
182
341
325
199
199
325
326
326
327
234
327
328
243
240
243
328
236
240
242
230
229
236
349
229
230
336
231
232
336
337
256
256
337
504
339
200
454
340
201
200
342
539
538
175
540
539
298
184
1078
329
220
1076
355
9
10
356
8
9
8
356
357
358
6
33
359
5
6
5
359
360
361
3
1187
362
2
1230
405
34
2
34
405
363
405
362
372
190
272
375
365
375
376
366
376
377
403
402
378
368
378
379
369
379
380
1185
1184
381
382
372
1228
372
382
407
407
382
512
383
407
511
308
483
262
308
309
263
395
167
318
167
395
32
398
71
431
66
1319
1318
387
66
399
401
517
518
377
518
517
367
377
402
357
367
403
7
357
404
373
363
405
383
373
406
426
273
418
268
267
100
1309
1308
44
68
67
421
411
50
425
1121
1120
1138
290
437
291
279
436
278
290
289
278
551
138
124
251
498
497
444
445
250
282
443
28
444
251
443
88
290
435
453
291
114
87
268
415
269
464
268
464
465
267
465
466
266
146
160
159
115
438
472
474
114
115
94
482
481
483
263
484
131
393
394
144
394
393
484
485
155
487
132
145
118
132
487
314
259
94
118
133
147
134
283
297
152
488
119
107
490
1169
1169
490
108
148
284
491
493
292
148
493
494
169
495
172
169
319
180
172
497
344
27
498
345
344
499
208
345
500
218
208
500
501
224
502
213
224
502
503
454
504
338
454
505
176
338
131
306
320
483
393
131
508
486
146
145
156
486
487
508
468
165
155
485
264
523
270
157
486
156
335
214
177
178
337
336
373
374
364
0
1
363
374
373
383
384
383
510
532
384
509
530
374
384
529
364
374
531
0
364
509
510
39
533
509
40
385
75
80
386
70
75
62
70
386
401
62
387
534
60
401
388
58
60
58
388
389
390
42
1182
512
1226
1225
511
512
43
510
511
408
408
409
392
410
416
392
416
44
38
40
39
392
44
48
41
528
40
38
43
1225
1224
408
43
391
505
506
125
540
138
174
124
138
540
542
463
124
543
102
463
506
505
178
543
125
506
507
544
535
154
178
177
536
128
142
462
460
177
460
462
537
154
460
536
102
543
544
544
506
154
537
141
128
461
476
477
126
129
476
127
477
478
548
478
477
547
128
141
472
551
552
553
474
473
553
463
102
114
474
475
459
475
129
475
554
545
546
476
129
547
477
476
546
142
128
545
507
142
474
553
554
554
102
507
1236
556
557
1231
560
561
1193
555
558
1330
1329
567
1188
559
562
1233
572
573
575
563
564
1238
578
579
568
567
581
583
569
570
1190
571
574
587
1192
1191
1334
1333
577
598
585
586
1195
577
580
601
602
603
605
589
600
607
608
609
616
617
618
620
621
619
622
623
624
1338
1337
626
631
632
633
635
636
627
640
641
642
644
645
646
648
649
647
650
622
625
1339
652
653
637
630
638
659
631
634
661
650
651
652
663
664
666
637
658
640
643
672
674
675
676
678
659
660
680
644
647
649
682
681
1341
1340
653
688
689
690
673
672
692
692
672
694
675
696
697
698
680
681
682
700
699
1342
1341
683
653
664
702
705
689
706
683
702
708
705
707
715
717
718
719
718
734
735
736
737
738
1139
1142
1344
741
742
743
745
746
747
734
753
754
755
756
757
1140
1141
1144
759
760
761
744
763
764
765
766
767
771
772
773
756
755
779
755
758
781
767
790
791
771
774
792
779
755
782
795
796
797
766
801
802
792
774
1085
805
806
779
782
807
808
801
13
26
795
798
32
809
810
811
796
795
813
802
817
790
792
818
819
774
773
1086
794
808
821
818
16
24
26
18
817
795
15
19
1145
1148
1147
799
790
817
818
792
1084
803
820
824
824
820
826
782
781
828
1082
16
818
817
18
17
809
814
813
830
831
832
834
835
836
838
804
803
839
825
824
827
826
841
847
848
849
836
21
31
23
14
851
813
19
22
810
809
829
854
830
852
852
830
833
839
858
838
840
824
827
860
861
1088
808
864
865
20
23
852
829
22
1072
1148
1145
1150
866
839
840
840
859
868
859
827
842
865
864
872
847
850
872
850
849
866
1150
1132
1133
868
859
869
850
867
868
872
868
874
878
879
880
880
879
884
887
888
886
892
893
890
894
895
896
897
896
898
900
899
898
900
901
902
903
902
904
906
907
908
609
608
583
618
617
598
910
620
618
604
603
575
626
1337
1336
822
17
21
835
799
822
763
783
786
772
914
691
915
916
747
747
916
918
643
642
923
697
926
927
579
582
929
557
556
937
643
924
694
1332
1331
578
1331
1330
568
586
588
910
905
881
880
880
885
900
885
888
899
888
887
897
887
893
894
888
885
884
668
671
1161
713
1162
1161
697
696
946
946
696
947
675
949
947
1335
589
605
819
24
11
724
793
819
758
757
951
758
952
953
781
953
954
848
955
956
849
956
957
858
839
866
958
28
496
892
891
29
665
666
667
665
960
961
942
943
915
945
766
765
766
945
944
25
13
801
963
964
762
966
963
965
1151
1154
1153
772
968
860
847
864
808
772
690
969
968
969
970
771
972
914
673
693
715
640
673
707
641
640
706
971
861
860
1160
1159
979
961
759
762
967
965
812
1152
1153
1146
1159
1158
639
638
741
764
786
667
658
703
961
964
964
963
723
963
966
740
1154
1151
1143
969
705
716
837
31
20
833
834
837
816
834
833
985
806
805
805
821
863
863
821
865
877
865
873
874
882
883
869
875
882
871
875
869
841
870
871
989
988
878
989
881
905
905
904
907
828
954
955
807
828
848
806
985
990
779
806
991
860
1087
1086
659
678
10
631
659
9
8
7
632
608
607
33
583
608
6
5
4
569
559
1188
1187
560
1231
1230
993
560
2
34
1
994
993
995
561
679
660
680
660
634
644
634
633
645
610
609
617
609
584
598
584
570
585
1189
562
571
572
1233
1232
561
995
996
996
997
573
998
999
997
960
667
786
960
1000
759
798
797
854
851
14
32
627
636
663
1339
1338
627
623
602
601
621
648
646
645
616
619
633
610
616
632
607
610
7
33
607
1001
995
993
998
996
995
582
581
931
1002
676
697
567
1329
1328
605
606
635
568
582
579
1142
1139
1155
949
1005
720
948
947
735
949
719
735
1006
737
736
1008
1006
1007
1010
1008
1009
894
958
959
893
887
889
892
30
28
893
892
958
675
674
1005
950
677
676
923
950
1002
924
1002
928
694
928
927
911
745
748
734
1017
1015
718
1018
1017
1019
1018
718
689
688
973
1000
1020
760
980
854
797
796
760
1020
760
796
814
1021
1022
763
743
746
1021
969
690
689
743
917
747
917
743
742
771
793
724
770
1164
1163
1163
1162
713
765
915
943
916
915
765
916
768
791
959
496
27
895
959
823
896
895
804
898
896
838
898
858
957
902
901
957
902
956
955
907
904
955
908
907
954
1000
786
980
1022
745
911
763
1022
913
1021
746
745
809
812
761
762
761
812
988
989
1026
909
1026
989
1327
595
594
1001
994
1032
0
1032
994
1033
1034
998
1034
1035
999
1036
1037
1035
1038
1036
1034
1039
1038
1033
531
1039
1032
1035
1040
1041
1037
1043
1040
650
661
700
622
650
682
648
623
622
621
602
623
603
602
621
575
603
620
910
588
563
555
1193
1192
573
1044
1235
997
1045
1044
999
1041
1045
1045
1041
1046
565
937
1046
566
1046
1047
1040
1047
1046
1003
1047
1042
1043
1042
1047
1044
556
1236
1045
937
556
908
953
952
991
990
1011
780
991
1009
736
756
780
757
756
736
951
757
739
1048
1050
909
951
1051
1048
1052
1053
1054
1050
1055
1026
1056
1054
1053
1058
1027
1026
1055
1056
1059
1050
1054
1056
1049
1052
1051
1051
1054
1050
1059
1056
1057
978
977
1061
1023
978
1062
977
1028
1064
1065
1066
1061
1066
1065
1060
1015
1017
1006
1017
1018
737
738
737
1018
738
1067
1049
717
1014
1068
1014
1023
1063
1068
1063
1069
1070
1069
1063
1066
1070
1062
1070
1066
1057
1069
1070
1053
1019
1068
1067
1067
1069
1052
427
428
52
48
44
1308
428
429
57
275
428
427
428
275
1073
455
65
429
594
597
581
581
597
1004
595
596
597
1013
1074
1004
1013
597
596
1076
349
350
1077
348
349
1078
347
348
1079
346
347
1080
345
346
1081
344
345
27
344
1081
27
1082
1083
1084
804
823
1085
803
804
1086
820
803
1087
826
820
1088
841
826
1089
870
841
1091
729
730
1090
730
732
1094
750
751
1095
778
775
1098
844
845
862
863
749
870
777
776
728
875
871
876
749
863
875
728
731
877
883
733
731
733
883
1099
925
750
1096
775
729
843
975
844
1097
845
778
861
971
844
844
971
970
845
970
716
715
775
778
729
775
715
730
729
693
692
695
732
750
925
927
926
946
751
986
751
946
1093
751
986
975
1089
1088
1089
975
843
984
986
948
925
732
695
1092
732
925
862
752
987
870
1089
846
1097
846
843
1095
777
846
1096
776
777
1091
728
776
1090
731
728
1092
733
731
1099
876
733
1094
749
876
1093
752
749
1100
987
752
1103
121
241
1104
241
244
1106
137
211
1109
187
153
1110
210
316
325
211
137
350
230
153
121
153
230
238
327
326
241
121
237
244
328
327
328
244
241
1112
238
137
1108
153
121
210
1110
197
1111
316
187
197
196
220
197
330
315
186
315
330
136
186
185
113
112
136
332
305
112
467
466
305
266
265
123
333
288
122
343
279
288
1107
211
188
210
329
1075
466
467
265
1105
244
238
287
188
341
325
341
188
316
1075
350
1111
330
197
1109
185
330
1108
331
185
1103
113
331
1104
332
113
1105
467
332
1112
265
467
1106
123
265
1107
333
123
1113
343
333
550
174
138
439
471
472
471
550
551
436
198
441
1113
188
287
279
343
198
441
470
471
1114
198
343
1115
441
198
539
174
442
440
287
538
549
442
174
1114
287
440
470
549
550
1116
440
442
469
470
441
549
470
469
469
1115
440
1016
1015
1008
1071
1117
1016
754
753
983
986
984
1101
984
983
1102
983
753
1015
992
990
985
1012
1011
990
1071
1010
1011
1016
1117
1102
992
987
1100
1012
992
1101
1117
1071
1012
317
323
180
158
157
1118
1118
157
524
205
317
324
525
306
203
525
319
168
306
525
1118
324
180
319
791
790
799
855
831
830
800
799
835
919
912
748
835
834
816
815
816
832
918
791
800
831
855
981
783
784
785
911
788
787
784
783
913
912
789
788
912
919
920
854
980
856
1119
982
856
920
919
800
980
786
785
981
982
920
982
981
855
982
1119
789
1119
787
788
1119
785
784
89
1123
1323
116
1122
1124
313
1125
1123
190
1127
1128
271
1129
1126
179
1126
1130
225
1131
1127
215
1130
1132
10
1133
1131
143
1135
1136
521
1137
1134
522
1136
1129
272
1128
1137
80
1134
1125
312
1124
1135
97
1121
1138
701
1139
1343
662
1140
1143
810
1145
1146
698
1147
1148
679
1148
1149
853
1150
1145
678
1149
1133
1072
1132
1150
700
1151
1152
967
1153
1154
699
1152
1147
811
1146
1153
966
1154
1144
661
1143
1151
708
1155
1139
721
1142
1155
638
630
1157
741
638
1158
742
741
1159
1161
942
742
1162
943
942
962
943
1162
1164
945
962
1165
944
945
1166
25
944
1167
286
25
1168
285
286
1169
284
285
284
1169
1170
1171
283
491
1172
297
283
297
1172
1173
93
1173
1174
300
1174
1175
59
423
1178
49
1315
1314
389
49
1180
1182
45
389
1183
514
45
380
514
1183
370
380
1184
360
370
1185
1187
4
360
1188
569
4
569
1188
1189
570
1189
1190
585
1190
1191
1192
588
586
1193
563
588
563
1193
1194
1335
1334
1195
589
1195
1196
1167
1166
12
769
1165
1164
12
1166
1165
51
424
1221
46
1313
1312
390
46
1223
1225
42
390
1226
513
42
381
513
1226
1228
371
381
361
371
1228
1230
3
361
1231
559
3
559
1231
1232
1233
571
562
571
1233
1234
1235
587
574
1236
555
587
555
1236
1237
1333
1332
1238
577
1238
1239
1174
299
353
425
274
273
940
939
674
977
978
613
935
934
720
939
935
1005
1014
717
720
1023
1014
934
978
1023
614
413
414
458
291
453
452
435
452
420
126
64
453
461
456
64
456
461
127
457
127
280
941
922
642
921
938
950
922
921
923
677
950
938
1262
669
670
1263
714
711
724
725
726
1261
670
714
714
670
691
670
669
688
914
972
711
972
724
727
1264
711
727
1202
1203
671
713
671
1203
712
713
1204
770
712
1205
641
973
974
973
688
669
941
974
1259
1259
974
669
979
639
1200
668
979
1201
922
941
1258
1201
1200
1258
1262
1202
1201
1261
1203
1202
1263
1204
1203
1264
1205
1204
1265
1206
1205
449
74
302
1211
299
479
87
451
450
354
302
269
451
87
414
1215
108
490
489
488
260
1273
1215
1216
106
119
488
1216
490
107
1272
1216
1217
35
726
725
119
106
446
1217
107
150
35
11
120
1218
150
12
727
726
1266
726
35
1267
769
770
1206
1208
12
769
1274
1217
1218
1275
1218
1208
1207
1206
1265
1267
1208
1207
261
1214
1213
1214
261
108
110
448
447
448
110
95
480
481
74
85
95
481
1212
479
86
1269
1211
1212
1268
1212
1213
1270
1213
1214
1276
1214
1215
1268
480
449
1270
85
480
1276
448
85
1273
447
448
1272
489
447
1274
106
489
1275
446
106
1267
35
446
1028
977
976
299
1211
1210
1271
1210
1211
1269
449
354
1221
1220
274
1255
451
413
1257
450
451
1271
354
450
56
424
1178
1177
1178
423
424
56
1220
1220
1219
277
353
1210
1209
1210
1271
1257
1209
1257
1255
1279
277
1219
1219
1282
53
56
1282
1219
1158
1157
629
929
931
932
615
932
931
921
922
1260
1256
1248
938
940
938
1248
1199
1200
639
1200
1199
1260
1196
580
593
1239
579
930
580
1239
1240
930
929
933
936
933
1284
1242
1248
1286
1199
1198
1256
1156
1157
630
590
1156
1289
629
1157
1156
1240
930
936
1241
936
1286
1198
1199
629
1248
1256
1198
1241
1198
590
1197
593
1290
1241
1290
593
1025
1030
1024
1292
1024
1030
1244
1029
976
933
932
1283
1285
1293
1247
932
615
1285
1293
612
1024
1074
612
615
1024
612
1074
939
940
1242
935
939
1243
1246
614
934
1247
613
614
1245
976
613
1243
1242
1284
1246
1243
1283
1285
615
612
1292
1245
1247
1291
1244
1245
64
456
1251
1252
452
453
456
457
1253
527
455
1073
1073
275
276
1294
1252
1251
1295
1251
1253
527
37
65
457
36
1254
1296
1253
1254
273
412
419
1250
413
420
418
419
276
1249
420
452
1277
1250
1249
1252
1294
1278
274
277
412
1278
419
412
1279
1255
1250
1277
412
277
1294
276
419
1295
526
276
1296
527
526
1297
37
527
422
69
55
1282
56
1177
353
53
1176
1281
1176
53
1300
656
657
665
657
656
686
685
703
657
665
703
636
635
655
702
709
721
606
600
592
591
628
1287
591
630
637
635
606
611
656
1300
1287
628
637
666
600
1196
1197
611
592
1288
1289
1156
591
592
1197
1289
1300
655
611
1299
654
655
431
77
397
432
91
77
1306
72
397
92
84
78
421
72
69
1298
1306
78
79
78
84
430
397
72
69
1298
1280
351
352
54
352
1175
1176
1281
1177
55
54
1176
1281
1298
79
54
1298
69
72
1305
396
78
1308
52
57
417
52
1308
1310
411
417
1311
50
411
1312
1222
50
1313
51
1222
1314
1179
51
1315
59
1179
1316
68
59
67
68
1316
1318
398
67
1319
71
398
1320
82
71
1321
90
82
1322
97
90
1323
1121
97
1121
1323
1324
1031
1327
1328
1329
566
1003
565
566
1329
557
565
1330
1237
557
1331
558
1237
1332
1194
558
1333
564
1194
1334
564
1335
1336
1337
604
576
601
604
1337
624
601
1338
624
1339
1340
651
625
1340
662
651
1341
1343
1140
662
1344
1141
1140
1344
1142
721
1144
1141
722
685
686
1301
710
1346
1301
709
1346
1345
710
686
704
710
723
740
1299
657
685
654
684
663
684
687
664
702
664
687
684
654
1299
687
684
1302
1141
1344
1345
1346
710
722
709
687
1301
116
104
1326
103
98
433
1325
1324
1122
1138
1120
103
1303
77
91
99
310
105
1304
1326
104
104
311
310
105
92
396
1305
397
77
433
98
91
83
396
1305
1304
99
83
103
1120
1324
1325
1326
98
98
1326
1304
47
391
1224
372
362
1229
46
390
1181
1309
416
410
371
361
1186
512
382
1227
49
389
388
425
50
1222
427
417
411
370
360
359
513
381
1184
1183
1182
42
1313
46
1180
514
380
379
424
51
1179
534
400
399
423
59
68
368
358
404
516
378
402
517
401
60
66
387
386
1317
63
399
367
357
356
398
430
421
302
74
73
518
377
376
519
70
62
76
386
385
1320
1319
66
300
352
351
366
356
355
81
385
313
432
431
71
301
351
84
304
303
73
415
88
458
365
355
225
519
376
375
520
75
70
1320
76
81
109
94
95
305
304
96
465
304
305
100
101
88
520
375
272
521
80
75
1321
81
89
433
432
82
482
94
259
434
433
90
136
111
259
437
115
114
278
438
115
553
552
124
1122
1324
1323
311
104
116
118
297
93
147
133
468
436
439
438
542
541
139
1124
1122
1123
485
484
263
296
145
132
293
149
148
184
151
152
175
139
541
163
140
139
320
524
156
169
170
293
162
161
152
164
139
175
394
144
166
171
170
169
294
173
149
1079
161
162
175
342
199
189
340
164
26
13
173
32
395
166
271
179
165
191
166
144
170
192
294
258
183
162
1078
184
161
212
189
334
24
16
183
192
18
26
19
15
166
1128
1127
1126
192
170
171
1080
162
183
194
347
346
348
347
194
339
163
164
183
16
1082
17
18
192
191
155
165
317
205
204
206
181
322
346
345
208
194
195
217
349
348
209
222
200
201
31
21
206
167
14
23
22
19
191
202
165
179
216
204
318
204
205
203
182
204
216
208
218
217
209
194
219
1076
220
298
234
221
189
216
23
20
1072
22
202
1130
1126
1127
219
217
227
233
228
219
229
209
228
235
221
234
235
223
201
227
222
223
1133
1132
1130
236
228
233
233
226
223
240
233
235
239
245
232
246
245
239
247
249
248
445
444
282
499
498
251
500
499
252
500
253
254
502
501
254
503
502
255
505
504
337
359
358
368
379
378
516
516
60
58
388
534
63
61
63
1317
21
17
193
193
171
181
171
172
180
168
160
146
158
146
486
262
156
145
110
260
151
147
493
492
494
493
147
160
495
494
319
495
160
269
302
303
266
122
100
409
391
47
465
464
303
1311
47
1223
1310
410
47
58
45
514
239
231
256
254
281
239
253
249
281
252
248
249
251
444
248
246
281
249
1171
261
86
1171
1170
108
1168
1167
150
288
101
100
289
101
288
289
290
88
1316
1315
49
11
24
258
258
257
119
543
542
140
176
125
140
338
176
163
213
454
200
224
213
222
227
217
218
496
28
443
29
295
282
307
84
92
309
308
92
492
491
283
148
149
285
286
285
149
173
13
25
264
117
130
523
130
143
1136
1135
1134
298
135
151
189
221
201
314
109
151
315
314
135
260
488
152
136
112
96
111
96
73
482
73
74
298
220
196
479
1173
1172
264
263
309
270
523
522
1129
1136
1137
299
1174
1173
296
93
300
301
307
262
117
309
105
311
130
117
312
143
130
1125
1134
1135
186
259
314
306
131
318
322
181
180
20
31
321
321
322
182
182
322
323
199
342
341
326
212
199
234
212
326
243
234
327
328
242
240
242
237
236
236
237
230
230
350
349
232
335
336
256
231
336
504
503
256
454
338
339
200
339
340
538
341
342
539
342
175
1078
1077
298
1076
1075
329
10
225
355
9
355
356
357
7
8
33
404
358
6
358
359
360
4
5
1187
1186
361
1230
1229
362
2
362
405
363
1
34
372
406
405
375
365
190
376
366
365
377
367
366
378
368
403
379
369
368
380
370
369
381
371
1185
1228
1227
382
407
406
372
512
511
407
511
510
383
262
307
308
263
483
308
318
394
395
32
14
167
431
430
398
1318
399
66
399
400
387
518
62
401
517
402
377
402
403
367
403
404
357
404
33
7
405
406
373
406
407
383
418
427
426
100
415
268
44
416
1309
421
422
68
425
426
411
291
435
290
278
289
279
278
437
290
124
552
551
497
443
251
250
248
444
28
30
282
443
282
444
435
458
88
114
459
453
415
414
87
268
87
269
267
268
464
266
267
465
159
468
146
472
473
115
115
473
474
481
95
94
484
393
483
394
318
131
393
484
144
155
144
484
145
508
487
487
133
118
94
109
314
147
134
118
297
118
134
119
257
152
1169
1168
107
108
1170
1169
491
492
148
148
492
493
169
292
493
169
494
495
172
495
319
27
496
497
344
497
498
345
498
499
208
499
500
224
218
500
224
501
502
454
213
502
454
503
504
338
504
505
320
262
131
131
262
483
146
468
508
486
508
145
468
133
487
485
270
165
270
485
264
156
524
157
177
336
335
336
177
178
364
363
373
363
364
0
383
384
374
510
509
384
509
533
532
384
532
530
374
530
529
364
529
531
39
40
509
40
528
533
80
313
385
75
385
386
386
387
62
387
400
401
401
400
534
60
534
388
389
45
58
1182
1181
390
1225
43
512
43
408
511
408
39
510
392
39
408
392
409
410
38
392
416
392
38
40
41
38
44
38
41
528
1224
391
43
391
409
408
125
176
505
174
539
540
540
541
124
124
541
542
463
542
543
178
154
506
506
544
543
535
142
507
177
460
154
142
535
536
177
214
462
537
536
460
536
535
154
544
507
102
154
535
544
128
536
537
477
127
461
476
461
126
478
280
127
477
547
548
141
548
547
552
473
472
473
552
553
102
554
553
475
459
114
129
126
459
545
129
475
129
545
546
476
546
547
128
547
546
142
546
545
554
475
474
507
545
554
557
1237
1236
561
1232
1231
558
1194
1193
567
568
1330
562
1189
1188
573
1234
1233
564
576
575
579
1239
1238
581
582
568
570
584
583
574
1191
1190
1191
574
587
577
1195
1334
586
599
598
580
1196
1195
603
604
601
600
606
605
609
610
607
618
619
616
619
618
620
624
625
622
626
627
1338
633
634
631
627
626
635
642
643
640
646
647
644
647
646
648
625
651
650
653
1340
1339
638
658
637
634
660
659
651
662
661
664
653
652
658
667
666
672
673
640
676
677
674
660
679
678
647
681
680
681
647
649
653
683
1341
690
691
688
692
693
673
694
695
692
697
676
675
681
699
698
699
681
682
683
701
1342
702
683
653
706
707
705
708
701
683
715
716
705
719
720
717
735
719
718
738
739
736
1344
1343
1139
743
744
741
747
748
745
754
735
734
757
758
755
1144
1143
1140
761
762
759
764
741
744
767
768
765
773
774
771
779
780
756
781
782
755
791
768
767
792
793
771
782
794
779
797
798
795
802
767
766
1085
1084
792
779
794
805
808
794
782
26
802
801
32
15
795
811
812
809
813
814
796
790
767
802
819
793
792
1086
1085
774
821
805
794
24
819
818
817
802
26
19
813
795
1147
1146
1145
817
822
799
1084
1083
818
824
825
803
826
827
824
828
807
782
818
1083
1082
17
822
817
813
829
809
832
833
830
836
837
834
803
825
838
824
840
839
841
842
827
849
850
847
31
837
836
851
852
23
22
829
813
829
853
810
852
851
854
833
857
852
838
825
839
827
859
840
1088
1087
860
865
821
808
852
857
20
1072
853
829
1150
1149
1148
840
867
866
868
867
840
842
869
859
872
873
865
872
864
847
866
867
850
1133
1149
1150
869
874
868
868
872
850
874
873
872
880
881
878
884
885
880
886
889
887
890
891
892
896
897
894
898
899
897
898
901
900
902
903
900
904
905
903
908
909
906
583
584
609
598
599
618
618
599
910
575
576
604
1336
605
626
21
836
822
822
836
835
786
764
763
691
690
772
747
917
915
918
748
747
923
924
643
927
928
697
929
930
579
937
565
557
694
672
643
578
1238
1332
568
578
1331
910
599
586
880
903
905
900
903
880
899
900
885
897
899
888
894
897
887
884
886
888
1161
1160
668
1161
671
713
946
926
697
947
948
946
947
696
675
605
1336
1335
11
725
819
819
725
724
951
952
758
953
781
758
954
828
781
956
849
848
957
866
849
866
957
858
496
959
958
29
30
892
667
960
665
961
703
665
915
917
942
765
962
945
944
801
766
801
944
25
762
965
963
965
967
966
1153
1152
1151
860
773
772
808
807
847
969
968
772
970
971
968
914
772
771
715
707
673
707
706
640
706
973
641
860
968
971
979
668
1160
762
964
961
812
811
967
1146
1147
1152
639
979
1159
764
658
638
658
764
786
964
704
703
723
704
964
740
723
963
1143
1144
1154
716
970
969
20
857
837
837
857
833
833
832
816
805
862
985
863
862
805
865
877
863
873
883
877
883
873
874
882
874
869
869
842
871
871
842
841
878
881
989
905
906
989
907
906
905
955
848
828
848
847
807
990
991
806
991
780
779
1086
773
860
10
9
659
9
8
631
632
631
8
33
6
608
6
5
583
569
583
5
1187
3
559
1230
2
560
2
34
993
994
993
34
561
560
993
680
698
679
644
680
660
645
644
634
617
616
610
598
617
609
585
598
584
571
1190
1189
1232
561
572
996
572
561
573
572
996
997
996
998
786
1000
960
759
961
960
854
851
798
32
798
851
663
652
627
627
652
1339
601
624
623
646
619
621
619
646
645
616
645
633
610
633
632
607
632
7
993
994
1001
995
1001
998
931
929
582
697
928
1002
1328
594
567
635
626
605
579
578
568
720
719
949
735
754
948
735
947
949
736
1007
1006
1007
1009
1008
1009
1011
1010
959
895
894
889
890
893
28
958
892
958
894
893
1005
949
675
676
1002
950
1002
924
923
928
694
924
927
695
694
748
912
911
1015
753
734
1017
734
718
718
717
1019
973
706
689
760
759
1000
797
1020
980
1020
797
796
814
761
760
763
744
1021
1021
744
743
689
705
969
747
746
743
742
942
917
724
972
771
1163
712
770
713
712
1163
943
962
765
765
768
916
791
918
916
27
823
959
823
804
895
804
838
896
838
858
898
957
901
898
957
956
902
955
904
902
955
954
907
954
953
908
980
1020
1000
911
913
1022
913
783
763
745
1022
1021
761
814
809
812
965
762
1026
1027
988
989
906
909
594
1328
1327
1032
1033
1001
994
1
0
998
1001
1033
999
998
1034
1035
1034
1036
1034
1033
1038
1033
1032
1039
1032
0
531
1041
999
1035
1040
1035
1037
700
682
650
682
649
622
622
649
648
623
648
621
621
620
603
620
910
575
563
575
910
1192
587
555
1235
1234
573
1044
573
997
1045
997
999
1046
937
1045
1046
566
565
1047
1003
566
1046
1041
1040
1042
1031
1003
1047
1040
1043
1236
1235
1044
556
1044
1045
952
1048
908
1011
1009
991
1009
1007
780
780
1007
736
736
739
757
739
1049
951
909
908
1048
1048
952
951
1054
1051
1052
1026
909
1050
1053
1057
1056
1026
1055
1058
1059
1058
1055
1056
1055
1050
1051
951
1049
1050
1048
1051
1057
1060
1059
1061
1062
978
1062
1063
1023
1064
1061
977
1061
1064
1065
1060
1057
1066
1006
1008
1015
737
1006
1017
1018
1019
738
1049
739
738
1068
1019
717
1063
1068
1014
1069
1067
1068
1063
1062
1070
1062
1061
1066
1057
1053
1070
1053
1052
1069
1067
738
1019
1052
1049
1067
52
417
427
1308
1307
48
57
52
428
427
418
275
1073
455
428
429
428
455
581
567
594
1004
931
581
597
594
595
1004
597
1013
596
1025
1013
350
1075
1076
349
1076
1077
348
1077
1078
347
1078
1079
346
1079
1080
345
1080
1081
1081
1082
27
1083
823
27
823
1083
1084
804
1084
1085
803
1085
1086
820
1086
1087
826
1087
1088
841
1088
1089
730
1090
1091
732
1092
1090
751
1093
1094
775
1096
1095
845
1097
1098
749
752
862
776
871
870
871
776
728
863
877
876
731
882
875
733
876
877
883
882
731
750
1094
1099
729
1091
1096
844
1098
843
778
1095
1097
844
975
861
970
845
844
716
778
845
778
716
715
715
693
729
693
692
730
732
730
692
927
926
750
751
750
926
946
948
986
986
1100
1093
1088
861
975
843
846
1089
948
754
984
695
927
925
925
1099
1092
987
985
862
846
777
870
843
1098
1097
846
1097
1095
777
1095
1096
776
1096
1091
728
1091
1090
731
1090
1092
733
1092
1099
876
1099
1094
749
1094
1093
752
1093
1100
241
1104
1103
244
1105
1104
211
1107
1106
153
1108
1109
316
1111
1110
137
326
325
153
187
350
230
237
121
326
137
238
237
242
241
327
238
244
241
242
328
137
1106
1112
121
1103
1108
197
329
210
187
1109
1111
220
329
197
315
196
197
330
185
186
185
331
136
136
331
113
112
113
332
305
332
467
123
122
266
122
123
333
288
333
343
188
1113
1107
1075
316
210
265
266
466
238
1112
1105
341
538
287
188
211
325
350
187
316
197
1110
1111
330
1111
1109
185
1109
1108
331
1108
1103
113
1103
1104
332
1104
1105
467
1105
1112
265
1112
1106
123
1106
1107
333
1107
1113
138
551
550
472
438
439
551
472
471
441
439
436
287
1114
1113
198
436
279
471
439
441
343
1113
1114
198
1114
1115
442
538
539
538
442
440
174
550
549
440
1115
1114
550
471
470
442
549
1116
441
1115
469
469
1116
549
440
1116
469
1008
1010
1016
1016
1010
1071
983
984
754
1101
1100
986
1102
1101
984
1015
1016
983
985
987
992
990
992
1012
1011
1012
1071
1102
983
1016
1100
1101
992
1101
1102
1012
1012
1102
1117
180
324
317
1118
168
158
524
320
1118
324
203
205
203
324
525
168
1118
525
1118
320
306
319
525
324
799
800
791
830
854
855
835
815
800
748
918
919
816
815
835
832
981
815
800
919
918
981
832
831
785
786
783
787
913
911
913
787
784
788
911
912
920
789
912
856
855
854
856
785
1119
800
815
920
785
856
980
920
815
981
855
856
982
789
920
982
788
789
1119
784
787
1119
1323
1322
89
1124
312
116
1123
89
313
1128
272
190
1126
179
271
1130
215
179
1127
190
225
1132
1072
215
1131
225
10
1136
522
143
1134
80
521
1129
271
522
1137
521
272
1125
313
80
1135
143
312
1138
434
97
1343
1342
701
1143
661
662
1146
811
810
1148
679
698
1149
678
679
1145
810
853
1133
10
678
1150
853
1072
1152
699
700
1154
966
967
1147
698
699
1153
967
811
1144
740
966
1151
700
661
1139
701
708
1155
708
721
1157
1158
638
1158
1159
741
1159
1160
742
742
1160
1161
942
1161
1162
1162
1163
962
962
1163
1164
945
1164
1165
944
1165
1166
25
1166
1167
286
1167
1168
285
1168
1169
1170
491
284
491
1170
1171
283
1171
1172
1173
93
297
1174
300
93
1175
352
300
1178
1179
59
1314
1180
49
1180
1181
389
389
1181
1182
45
1182
1183
1183
1184
380
1184
1185
370
1185
1186
360
360
1186
1187
4
1187
1188
1189
570
569
1190
585
570
1191
586
585
586
1191
1192
588
1192
1193
1194
564
563
1195
589
1335
1196
600
589
12
150
1167
1164
770
769
1165
769
12
1221
1222
51
1312
1223
46
1223
1224
390
390
1224
1225
42
1225
1226
1226
1227
381
381
1227
1228
1228
1229
361
361
1229
1230
3
1230
1231
1232
562
559
562
1232
1233
1234
574
571
574
1234
1235
587
1235
1236
1237
558
555
1238
577
1333
1239
580
577
353
1175
1174
273
426
425
674
677
940
613
976
977
720
1005
935
1005
674
939
720
934
1014
934
614
1023
614
613
978
458
420
413
452
435
291
420
458
435
453
459
126
64
126
461
127
457
456
280
36
457
642
641
941
950
923
921
923
642
922
938
940
677
670
1261
1262
711
1264
1263
726
727
724
714
1263
1261
691
914
714
688
691
670
711
714
914
727
711
972
727
1265
1264
671
668
1202
1203
1204
713
1204
1205
712
1205
1206
770
974
941
641
669
974
973
1259
1258
941
669
1262
1259
1200
1201
979
1201
1202
668
1258
1260
922
1258
1259
1201
1201
1259
1262
1202
1262
1261
1203
1261
1263
1204
1263
1264
1205
1264
1265
302
354
449
479
1212
1211
450
269
87
269
450
354
414
413
451
490
1216
1215
260
447
489
1216
1272
1273
488
489
106
107
1217
1216
1217
1274
1272
725
11
35
446
120
119
150
1218
1217
120
446
35
12
1208
1218
1266
1265
727
1267
1266
726
1206
1207
769
769
1207
1208
1218
1275
1274
1208
1267
1275
1265
1266
1207
1207
1266
1267
1213
86
261
108
1215
1214
447
260
110
95
85
448
74
449
480
481
480
85
86
1213
1212
1212
1268
1269
1213
1270
1268
1214
1276
1270
1215
1273
1276
449
1269
1268
480
1268
1270
85
1270
1276
448
1276
1273
447
1273
1272
489
1272
1274
106
1274
1275
446
1275
1267
976
1029
1028
1210
353
299
1211
1269
1271
354
1271
1269
274
425
1221
413
1250
1255
451
1255
1257
450
1257
1271
1178
1177
56
423
55
1177
1220
1221
424
277
274
1220
1209
53
353
1257
1209
1210
1255
1279
1209
1219
1209
1279
53
1209
1219
1219
1220
56
629
639
1158
932
933
929
931
1004
615
1260
1256
921
938
921
1256
1248
1242
940
639
629
1199
1260
1258
1200
593
1197
1196
930
1240
1239
1240
593
580
933
936
930
1284
1286
936
1286
1284
1242
1256
1260
1199
630
591
1156
1289
1290
590
1156
590
629
936
1241
1240
1286
1198
1241
629
590
1198
1198
1286
1248
590
1290
1241
1290
1289
1197
593
1240
1241
1024
1013
1025
1030
1291
1292
976
1245
1244
1283
1284
933
1247
1246
1285
1285
1283
932
1024
1292
1293
615
1004
1074
1074
1013
1024
1242
1243
939
1243
1246
935
934
935
1246
614
1246
1247
613
1247
1245
1284
1283
1243
1283
1285
1246
612
1293
1285
1247
1293
1292
1245
1292
1291
1251
1252
64
453
64
1252
1253
1251
456
1073
526
527
276
526
1073
1251
1295
1294
1253
1296
1295
65
455
527
1254
1253
457
1254
1297
1296
419
418
273
420
1249
1250
276
275
418
452
1252
1249
1249
1278
1277
1278
1249
1252
412
273
274
412
1277
1278
1250
1277
1279
277
1279
1277
419
1278
1294
276
1294
1295
526
1295
1296
527
1296
1297
55
423
422
1177
1281
1282
1176
1175
353
53
1282
1281
657
1299
1300
656
666
665
703
704
686
703
685
657
655
654
636
721
708
702
592
611
606
1287
1288
591
637
628
591
611
655
635
1287
628
656
666
656
628
1197
592
600
1288
1287
611
591
1288
1289
1289
1288
592
611
1287
1300
655
1300
1299
397
430
431
77
431
432
397
1305
1306
78
396
92
69
422
421
78
79
1298
84
351
79
72
421
430
1280
55
69
54
79
351
1176
54
352
55
1280
1281
1281
1280
54
54
1280
1298
72
1306
1298
78
1306
1305
57
1307
1308
1308
1309
417
417
1309
1310
411
1310
1311
50
1311
1312
1222
1312
1313
51
1313
1314
1179
1314
1315
59
1315
1316
1316
1317
67
67
1317
1318
398
1318
1319
71
1319
1320
82
1320
1321
90
1321
1322
97
1322
1323
1324
1120
1121
1328
1003
1031
1003
1328
1329
1329
1330
565
1330
1331
557
1331
1332
1237
1332
1333
558
1333
1334
1194
1334
1335
564
1336
576
564
576
1336
1337
1337
1338
601
1338
1339
624
1340
625
624
1340
1341
651
1341
1342
662
662
1342
1343
1140
1343
1344
721
1345
1344
722
740
1144
1301
1302
685
1301
686
710
1345
721
709
704
723
710
740
722
710
685
1302
1299
663
636
654
664
663
684
687
709
702
1299
1302
684
1302
1301
687
1345
722
1141
722
1345
1346
1301
1346
709
1326
1325
116
433
434
103
1122
116
1325
103
434
1138
91
1304
1303
105
83
99
104
99
1304
310
99
104
396
83
105
77
1303
1305
91
432
433
1305
1303
83
83
1303
1304
1324
1325
103
98
103
1325
1304
91
98